0 0.5072833935018051 0.5254963898916968 0.6241967509025271 0.7388537906137184
3 0.5351985559566786 0.43998194945848373 0.06859205776173286 0.06768953068592058
3 0.6430505415162455 0.43998194945848373 0.06949458483754513 0.06768953068592058
3 0.3713898916967509 0.4395306859205776 0.06949458483754513 0.06859205776173286
3 0.4805956678700361 0.6064981949458483 0.06949458483754513 0.06678700361010831
3 0.26353790613718414 0.8244584837545126 0.06859205776173286 0.06768953068592058
3 0.48104693140794225 0.8244584837545126 0.06859205776173286 0.06768953068592058
3 0.7518050541516246 0.8244584837545126 0.0703971119133574 0.06768953068592058
3 0.3713898916967509 0.6064981949458483 0.07129963898916968 0.06498194945848375
3 0.3713898916967509 0.8244584837545126 0.06949458483754513 0.06768953068592058
3 0.6425992779783394 0.22202166064981949 0.0703971119133574 0.06678700361010831
3 0.7527075812274369 0.4395306859205776 0.06859205776173286 0.06678700361010831
3 0.6430505415162455 0.6069494584837545 0.06949458483754513 0.06768953068592058
3 0.26353790613718414 0.4395306859205776 0.06859205776173286 0.06678700361010831
3 0.5347472924187726 0.22337545126353792 0.06949458483754513 0.06588447653429604
3 0.37093862815884476 0.22202166064981949 0.06859205776173286 0.06678700361010831
3 0.7527075812274369 0.22202166064981949 0.06859205776173286 0.06678700361010831
3 0.64485559566787 0.8240072202166066 0.06768953068592058 0.06859205776173286
3 0.26353790613718414 0.6064981949458483 0.06859205776173286 0.06678700361010831
3 0.7527075812274369 0.6064981949458483 0.06859205776173286 0.06498194945848375
3 0.26353790613718414 0.22382671480144403 0.06859205776173286 0.06859205776173286