0 0.5064620938628158 0.5216606498194946 0.6230415162454874 0.7382671480144405
3 0.6430505415162455 0.4381768953068592 0.06949458483754513 0.06768953068592058
3 0.37184115523465705 0.4381768953068592 0.0703971119133574 0.06588447653429604
3 0.5351985559566786 0.4381768953068592 0.06859205776173286 0.06588447653429604
3 0.7527075812274369 0.4381768953068592 0.06859205776173286 0.06588447653429604
3 0.3722924187725632 0.6037906137184116 0.06949458483754513 0.06498194945848375
3 0.26353790613718414 0.6037906137184116 0.0703971119133574 0.06678700361010831
3 0.26353790613718414 0.43772563176895307 0.06859205776173286 0.06678700361010831
3 0.7522563176895307 0.22021660649819494 0.06949458483754513 0.06498194945848375
3 0.7527075812274369 0.6037906137184116 0.06859205776173286 0.06498194945848375
3 0.48104693140794225 0.6033393501805054 0.06859205776173286 0.06768953068592058
3 0.6435018050541517 0.22021660649819494 0.06859205776173286 0.06678700361010831
3 0.6453068592057761 0.6037906137184116 0.06678700361010831 0.06678700361010831
3 0.3722924187725632 0.22066787003610108 0.06949458483754513 0.06768953068592058
3 0.5351985559566786 0.22066787003610108 0.06859205776173286 0.06768953068592058
3 0.263086642599278 0.22066787003610108 0.06949458483754513 0.06768953068592058
3 0.263086642599278 0.8212996389891697 0.06949458483754513 0.06678700361010831
3 0.3723826714801444 0.8225270758122744 0.06978339350180504 0.06712996389891697
3 0.4812184115523466 0.8218231046931408 0.07010830324909748 0.06736462093862816
3 0.6441335740072203 0.8216696750902527 0.07061371841155234 0.06874548736462094
3 0.753312274368231 0.8224638989169675 0.07040613718411552 0.06782490974729243