0 0.5075090252707581 0.5239169675090253 0.6251263537906137 0.7355595667870036
3 0.3713898916967509 0.4390794223826715 0.06949458483754513 0.06768953068592058
3 0.5351985559566786 0.4395306859205776 0.06859205776173286 0.06678700361010831
3 0.6430505415162455 0.4395306859205776 0.06949458483754513 0.06678700361010831
3 0.26353790613718414 0.8244584837545126 0.0703971119133574 0.06768953068592058
3 0.48104693140794225 0.6064981949458483 0.06859205776173286 0.06678700361010831
3 0.3713898916967509 0.8244584837545126 0.06949458483754513 0.06768953068592058
3 0.7522563176895307 0.8244584837545126 0.06949458483754513 0.06768953068592058
3 0.6430505415162455 0.22202166064981949 0.06949458483754513 0.06678700361010831
3 0.26398916967509023 0.4390794223826715 0.06768953068592058 0.06768953068592058
3 0.6435018050541517 0.6069494584837545 0.06859205776173286 0.06768953068592058
3 0.37184115523465705 0.6064981949458483 0.0703971119133574 0.06498194945848375
3 0.7527075812274369 0.4395306859205776 0.06859205776173286 0.06678700361010831
3 0.3713898916967509 0.22202166064981949 0.06949458483754513 0.06678700361010831
3 0.5351985559566786 0.22337545126353792 0.06859205776173286 0.06588447653429604
3 0.26353790613718414 0.6069494584837545 0.0703971119133574 0.06768953068592058
3 0.7514259927797834 0.22157039711191337 0.06935018050541517 0.06768953068592058
3 0.48104693140794225 0.8244584837545126 0.06859205776173286 0.06768953068592058
3 0.7527075812274369 0.6064981949458483 0.06859205776173286 0.06498194945848375
3 0.26353790613718414 0.22337545126353792 0.0703971119133574 0.06768953068592058
3 0.6453068592057761 0.8240072202166066 0.06678700361010831 0.06859205776173286