0 0.5069404332129964 0.5231407942238268 0.6253790613718411 0.7344043321299639
3 0.534783393501805 0.22215703971119133 0.058610108303249094 0.059178700361010826
3 0.642572202166065 0.22255415162454875 0.05949458483754513 0.0561101083032491
3 0.7520667870036101 0.2214169675090253 0.05565884476534296 0.06041516245487365
3 0.6424007220216607 0.43981949458483754 0.06131768953068592 0.05803249097472924
3 0.5351173285198556 0.44023465703971115 0.06080324909747293 0.06141696750902527
3 0.371028880866426 0.43940433212996394 0.06101083032490974 0.06325812274368231
3 0.6428429602888086 0.6060469314079422 0.05940433212996389 0.06049638989169675
3 0.7511101083032491 0.6061281588447653 0.059675090252707584 0.05995487364620939
3 0.3711913357400722 0.22304151624548735 0.05944945848375452 0.06161552346570397
3 0.7507490974729242 0.44034296028880865 0.06315884476534296 0.0625
3 0.2605595667870036 0.4380685920577617 0.06101083032490974 0.06325812274368231
3 0.47902527075812273 0.6060018050541517 0.06101083032490974 0.06138086642599278
3 0.3734927797833935 0.6052707581227437 0.06101083032490974 0.06138086642599278
3 0.2611732851985559 0.6029693140794224 0.06101083032490974 0.06138086642599278
3 0.26410649819494586 0.22202166064981949 0.06101083032490974 0.06474729241877256
3 0.7517057761732852 0.8221299638989169 0.06261732851985559 0.06409747292418773
3 0.6432400722021661 0.8235740072202166 0.060189530685920575 0.06569494584837546
3 0.4782220216606498 0.8239259927797834 0.061209386281588445 0.064485559566787
3 0.37053249097472923 0.8244855595667869 0.06555054151624548 0.06320397111913358