0 0.44991877256317686 0.5321480144404332 0.6228068592057762 0.7387635379061371
2 0.719927797833935 0.8604332129963899 0.0413086642599278 0.039043321299638986
2 0.5555324909747292 0.8591696750902528 0.04308664259927798 0.04118231046931408
2 0.5006046931407941 0.8585559566787003 0.04084837545126353 0.041074007220216605
2 0.4458393501805054 0.8591696750902528 0.04207581227436823 0.0417870036101083
1 0.6619314079422383 0.6828790613718412 0.05123646209386282 0.05941335740072202
1 0.6530054151624548 0.35085740072202165 0.05330324909747293 0.053763537906137186
1 0.43389891696750904 0.5708032490974729 0.05374548736462094 0.05374548736462094
1 0.4318321299638989 0.3672292418772563 0.055324909747292414 0.052084837545126356
1 0.3164620938628159 0.6091787003610108 0.06467509025270758 0.05205776173285199
1 0.25464801444043317 0.6093772563176896 0.05585740072202166 0.05205776173285199
2 0.7219314079422382 0.2030505415162455 0.03231046931407942 0.037084837545126356
2 0.6222924187725631 0.2024187725631769 0.0348826714801444 0.03673285198555957
2 0.4815613718411553 0.20270758122743682 0.03325812274368231 0.040514440433213
2 0.1755956678700361 0.20414259927797834 0.0429783393501805 0.04223826714801444
1 0.2724548736462094 0.2062635379061372 0.04652527075812274 0.05004512635379062
1 0.25262635379061377 0.40954873646209383 0.05105595667870036 0.04067689530685921
1 0.3163537906137184 0.40919675090252705 0.05274368231046931 0.04186823104693141
2 0.17389891696750903 0.34282490974729246 0.037942238267148015 0.039539711191335744
2 0.17469314079422382 0.3944223826714801 0.037364620938628156 0.03974729241877256
2 0.7197924187725632 0.4076534296028881 0.03753610108303249 0.039981949458483754
2 0.3405505415162455 0.20352888086642598 0.044945848375451264 0.042337545126353786