2 0.15198275862068963 0.8882843137254902 0.14206896551724138 0.09882352941176471
1 0.7729741379310345 0.7577450980392157 0.24357758620689654 0.10345588235294118
1 0.48142241379310347 0.7572794117647059 0.21844827586206897 0.10715686274509803
1 0.49452586206896554 0.2688480392156863 0.2380603448275862 0.10215686274509804
1 0.7687931034482759 0.26887254901960783 0.24909482758620688 0.10723039215686274
2 0.15633620689655173 0.11098039215686274 0.1418103448275862 0.09311274509803923
2 0.15137931034482757 0.23482843137254902 0.14030172413793102 0.10825980392156863
2 0.15594827586206897 0.3665686274509804 0.1430603448275862 0.10897058823529412
2 0.15362068965517242 0.4999264705882353 0.1426293103448276 0.11414215686274509
2 0.15793103448275864 0.6312254901960784 0.14918103448275863 0.11041666666666666
2 0.15340517241379312 0.7652450980392157 0.14642241379310345 0.11088235294117647