2 0.10346268656716417 0.125 0.06785074626865671 0.09152173913043478
2 0.10797014925373134 0.24027950310559007 0.07032835820895522 0.10021739130434784
2 0.10859701492537314 0.36826086956521736 0.07423880597014926 0.10468944099378882
2 0.11011940298507462 0.4941925465838509 0.07644776119402985 0.10090062111801243
2 0.10710447761194031 0.6182919254658386 0.07513432835820896 0.09484472049689441
2 0.11011940298507462 0.7483229813664597 0.07850746268656716 0.10335403726708074
2 0.1059402985074627 0.8691304347826088 0.07540298507462687 0.09881987577639752
1 0.6744179104477612 0.1813354037267081 0.1086865671641791 0.10770186335403727
1 0.2778507462686567 0.27450310559006214 0.12871641791044774 0.10934782608695652
1 0.42167164179104477 0.2741304347826087 0.136 0.10860248447204969
1 0.6837014925373134 0.6495031055900621 0.10743283582089552 0.10729813664596273
1 0.2782089552238806 0.7404968944099379 0.12671641791044777 0.10745341614906832
1 0.42241791044776117 0.7394409937888199 0.1347462686567164 0.10726708074534161