1 0.21076687116564416 0.10278787878787879 0.08452453987730062 0.16696969696969696
1 0.4753220858895706 0.6350303030303031 0.0904601226993865 0.1697878787878788
1 0.8532668711656443 0.5805757575757576 0.08467791411042945 0.16442424242424242
1 0.16969325153374235 0.7739393939393939 0.10240797546012269 0.1746060606060606
1 0.27746932515337425 0.7716969696969697 0.11418711656441718 0.17227272727272727
2 0.0395398773006135 0.07921212121212122 0.05889570552147239 0.12718181818181817
2 0.31756134969325156 0.0826969696969697 0.06434049079754602 0.13972727272727273
2 0.03903374233128834 0.5476969696969697 0.065920245398773 0.14324242424242425
2 0.03973926380368098 0.7214545454545455 0.06285276073619632 0.1565757575757576
2 0.0371319018404908 0.9045151515151515 0.061165644171779145 0.16936363636363636
2 0.96159509202454 0.7657575757575757 0.05575153374233129 0.12390909090909091
2 0.961058282208589 0.08042424242424243 0.05877300613496932 0.1273030303030303
2 0.7965337423312884 0.08260606060606061 0.05578220858895705 0.11412121212121211
2 0.5606901840490798 0.08348484848484848 0.05716257668711657 0.11978787878787879