2 0.13178807947019866 0.11237179487179488 0.0719205298013245 0.07794871794871795
2 0.13112582781456955 0.23304487179487177 0.07417218543046357 0.10516025641025642
2 0.13251655629139075 0.36403846153846153 0.07334437086092714 0.1071474358974359
2 0.13192052980132452 0.49375 0.0745364238410596 0.10323717948717949
2 0.1326158940397351 0.6256089743589743 0.07596026490066225 0.10355769230769231
2 0.13374172185430463 0.755 0.07463576158940396 0.10124999999999999
2 0.13251655629139075 0.8785256410256411 0.07807947019867549 0.09522435897435898
1 0.7655960264900663 0.17474358974358975 0.11052980132450332 0.10224358974358974
1 0.49079470198675496 0.2696474358974359 0.1386092715231788 0.10564102564102565
1 0.3292715231788079 0.2698076923076923 0.1380794701986755 0.10599358974358974
1 0.7747019867549669 0.6578525641025641 0.11596026490066226 0.10685897435897437
1 0.489635761589404 0.7475961538461539 0.1427814569536424 0.10932692307692307
1 0.3269867549668874 0.746826923076923 0.13778145695364238 0.10871794871794872