1 0.515 0.2551793721973094 0.2519230769230769 0.12213004484304932
1 0.7845 0.25551569506726457 0.28173076923076923 0.12213004484304932
1 0.7925769230769231 0.7539686098654708 0.2835384615384615 0.13937219730941702
1 0.5120384615384616 0.7537892376681614 0.26984615384615385 0.1406726457399103
2 0.182 0.09098654708520179 0.1728846153846154 0.10547085201793721
2 0.18407692307692308 0.21789237668161437 0.17088461538461538 0.12130044843049327
2 0.18084615384615385 0.35533632286995515 0.1681153846153846 0.12612107623318386
2 0.18246153846153845 0.4854035874439462 0.16242307692307692 0.12147982062780269
2 0.17973076923076922 0.6251793721973093 0.15730769230769232 0.11260089686098654
2 0.18115384615384617 0.7556053811659192 0.16380769230769232 0.12316143497757848
2 0.1831923076923077 0.8885650224215247 0.16484615384615384 0.11213004484304932