0 0.4448407643312102 0.5302308917197452 0.6251273885350318 0.7416878980891719
2 0.1763375796178344 0.2060987261146497 0.04321656050955414 0.042070063694267516
2 0.34375 0.20378980891719745 0.03898885350318471 0.03776273885350318
2 0.4864649681528662 0.20371019108280256 0.04393312101910828 0.03921974522292993
2 0.6225398089171974 0.20355095541401275 0.03597929936305732 0.03843152866242038
2 0.7194745222929936 0.20322452229299362 0.03539012738853503 0.03730891719745223
2 0.7208678343949044 0.40655254777070066 0.03876592356687898 0.03941878980891719
2 0.7209394904458599 0.8607563694267515 0.03910031847133758 0.04054140127388535
2 0.5552070063694268 0.8607006369426752 0.04572452229299363 0.04020700636942675
2 0.49738853503184716 0.8594745222929936 0.04617834394904458 0.039028662420382165
2 0.44454617834394905 0.8598248407643313 0.042436305732484074 0.0380812101910828
2 0.1731528662420382 0.8647850318471338 0.05531050955414012 0.048447452229299366
2 0.1716640127388535 0.8068232484076433 0.051003184713375796 0.05157643312101911
2 0.17414808917197452 0.344171974522293 0.041401273885350316 0.04629777070063694
2 0.17390923566878982 0.39331210191082805 0.0416640127388535 0.045254777070063694
2 0.17397292993630573 0.44872611464968154 0.042253184713375795 0.05148089171974522
2 0.17409235668789808 0.5050238853503184 0.04125 0.047093949044585984
2 0.17409235668789808 0.5613136942675159 0.04157643312101911 0.04944267515923567
2 0.174578025477707 0.6137261146496815 0.0419984076433121 0.050875796178343945
2 0.1743312101910828 0.6721019108280255 0.04327229299363058 0.05482484076433121
1 0.4300238853503185 0.3680175159235669 0.045501592356687895 0.04316082802547771
1 0.3179697452229299 0.6092914012738854 0.05413216560509554 0.04465764331210191
1 0.434156050955414 0.5718550955414012 0.04552547770700637 0.044785031847133755
1 0.6621974522292994 0.6828343949044586 0.0440047770700637 0.05073248407643312
1 0.24995222929936306 0.4081926751592357 0.05054936305732484 0.04152866242038216
1 0.3211464968152866 0.4081608280254777 0.049211783439490446 0.042006369426751594
1 0.2499124203821656 0.6090525477707006 0.05124203821656051 0.044195859872611466
1 0.27463375796178346 0.2085828025477707 0.0450796178343949 0.0449124203821656
1 0.653423566878981 0.35167993630573247 0.04499203821656051 0.044578025477707006