0 0.5069426751592357 0.524578025477707 0.625 0.737046178343949
1 0.3354299363057325 0.20153662420382165 0.0474124203821656 0.04582802547770701
1 0.714968152866242 0.34472929936305735 0.04460987261146497 0.044490445859872614
1 0.48995222929936305 0.36168789808917196 0.045605095541401276 0.04482484076433121
1 0.3121178343949044 0.4027229299363057 0.050581210191082804 0.04284235668789809
1 0.3811226114649682 0.40269904458598726 0.051624203821656056 0.04345541401273885
1 0.4937261146496815 0.5634633757961783 0.04712579617834395 0.04595541401273885
1 0.723813694267516 0.6733200636942676 0.04439490445859873 0.04549363057324841
1 0.31204617834394904 0.6026512738853502 0.051584394904458604 0.045230891719745224
2 0.23531050955414012 0.19901273885350318 0.037707006369426754 0.043527070063694266
2 0.39935509554140125 0.1969426751592357 0.037189490445859875 0.03830414012738854
2 0.5428105095541401 0.1975796178343949 0.037523885350318475 0.03957006369426752
2 0.6820222929936306 0.19651273885350318 0.03734076433121019 0.03897292993630574
2 0.7816799363057324 0.19613853503184714 0.0411703821656051 0.038105095541401277
2 0.23562101910828026 0.3375398089171974 0.04142515923566879 0.04190286624203822
2 0.23503184713375797 0.3868949044585987 0.03973726114649681 0.04582802547770701
2 0.23519904458598728 0.4423089171974522 0.04136146496815287 0.049522292993630576
2 0.23428343949044586 0.4969984076433121 0.04094745222929936 0.0483359872611465
2 0.23396496815286624 0.5515445859872612 0.03929140127388535 0.04910828025477707
2 0.2354458598726115 0.6061066878980892 0.04146496815286624 0.050310509554140126
2 0.23423566878980892 0.6588455414012738 0.04334394904458599 0.04260350318471338
2 0.506656050955414 0.8529538216560509 0.04015923566878981 0.03896496815286624
2 0.5585270700636943 0.8527308917197453 0.04321656050955414 0.04007165605095541
2 0.6113853503184713 0.8532882165605096 0.03955414012738853 0.03875796178343949
2 0.7813773885350318 0.8542834394904458 0.042205414012738855 0.038463375796178347
2 0.7806926751592357 0.39969745222929937 0.04222133757961784 0.0382484076433121
2 0.2346417197452229 0.7995939490445859 0.042093949044585986 0.03866242038216561
2 0.23570859872611466 0.8533917197452229 0.038224522292993626 0.03971337579617835
1 0.3810748407643312 0.6027945859872612 0.05085987261146497 0.04460987261146497