0 0.5108917197452228 0.5223168789808917 0.6236942675159236 0.7387977707006369
2 0.23824840764331212 0.3861464968152866 0.04102707006369427 0.04936305732484077
2 0.23845541401273884 0.6568471337579618 0.040668789808917194 0.044585987261146494
2 0.7830414012738853 0.8527070063694268 0.04060509554140127 0.03821656050955414
2 0.23871019108280253 0.49522292993630573 0.041687898089171976 0.04936305732484077
2 0.23771496815286625 0.3359872611464968 0.04049363057324841 0.042993630573248405
2 0.23804936305732485 0.44148089171974525 0.03982484076433121 0.04856687898089172
2 0.23811305732484075 0.6051114649681528 0.040015923566878976 0.0493312101910828
2 0.7838375796178344 0.3984872611464968 0.03901273885350318 0.037420382165605094
2 0.23805732484076433 0.8530732484076433 0.041401273885350316 0.0405015923566879
2 0.5465764331210191 0.1961783439490446 0.03901273885350318 0.039227707006369426
2 0.6154458598726115 0.8531050955414012 0.041401273885350316 0.03901273885350318
2 0.2380891719745223 0.5505573248407644 0.041337579617834394 0.04856687898089172
2 0.2392515923566879 0.7985668789808917 0.04219745222929936 0.03980891719745223
1 0.7181528662420382 0.3439888535031847 0.04617834394904458 0.04292197452229299
1 0.4968152866242038 0.5632961783439491 0.04617834394904458 0.04378980891719745
2 0.5095382165605096 0.8530891719745223 0.041695859872611464 0.03904458598726115
2 0.7838375796178344 0.19585987261146498 0.03901273885350318 0.03821656050955414
1 0.49363057324840764 0.3614649681528662 0.04617834394904458 0.044585987261146494
1 0.7257165605095541 0.6723726114649682 0.046974522292993634 0.046974522292993634
2 0.23778662420382168 0.19744426751592356 0.04062898089171975 0.04297770700636942
2 0.5628980891719745 0.8527070063694268 0.042993630573248405 0.03980891719745223
1 0.384156050955414 0.40173566878980893 0.05334394904458599 0.043662420382165605
1 0.339171974522293 0.20063694267515925 0.04936305732484077 0.04617834394904458
1 0.3861464968152866 0.6003184713375797 0.054140127388535034 0.04617834394904458
1 0.31488853503184716 0.6007165605095541 0.05493630573248408 0.046974522292993634
1 0.3160828025477707 0.4009156050955414 0.052547770700636945 0.045294585987261146
2 0.6859076433121019 0.19585987261146498 0.03901273885350318 0.038089171974522294
2 0.401671974522293 0.1962579617834395 0.04060509554140127 0.03901273885350318