0 0.4985350318471337 0.5280334394904459 0.6239808917197452 0.7367914012738853
2 0.22810509554140126 0.33920382165605095 0.04060509554140127 0.04145700636942675
1 0.3714171974522293 0.40445859872611467 0.06289808917197452 0.04777070063694268
2 0.7718312101910828 0.8558280254777071 0.040732484076433116 0.039745222929936305
1 0.3005573248407643 0.40445859872611467 0.05334394904458599 0.04777070063694268
1 0.48606687898089174 0.5672770700636943 0.04856687898089172 0.046974522292993634
1 0.7137101910828025 0.6756687898089172 0.04868630573248407 0.049936305732484074
2 0.22810509554140126 0.4993232484076433 0.03901273885350318 0.04761942675159236
1 0.4836783439490446 0.36345541401273884 0.05015923566878981 0.05015923566878981
2 0.22770700636942676 0.3899203821656051 0.041401273885350316 0.048949044585987256
2 0.22810509554140126 0.6598168789808917 0.04219745222929936 0.04720541401273885
2 0.22810509554140126 0.4455573248407643 0.04060509554140127 0.0486703821656051
1 0.37062101910828027 0.6046974522292994 0.06289808917197452 0.04856687898089172
2 0.22730891719745222 0.8554458598726115 0.04060509554140127 0.04210191082802548
1 0.32762738853503187 0.20501592356687898 0.04856687898089172 0.04856687898089172
2 0.7711146496815287 0.403312101910828 0.03929936305732484 0.03909235668789809
2 0.22770700636942676 0.5519347133757961 0.041401273885350316 0.0465843949044586
1 0.30095541401273884 0.6050955414012739 0.054140127388535034 0.04936305732484077
2 0.22770700636942676 0.6094824840764331 0.041401273885350316 0.05164012738853503
2 0.4971576433121019 0.8554777070063695 0.04072452229299363 0.039052547770700635
2 0.7714092356687898 0.19948248407643313 0.03998407643312102 0.040660828025477706
2 0.604578025477707 0.855859872611465 0.04246815286624204 0.03984076433121019
1 0.7052786624203822 0.34731687898089175 0.04589968152866242 0.047404458598726114
2 0.39134554140127387 0.19972133757961782 0.039164012738853504 0.04007165605095541
2 0.22737261146496815 0.19971337579617834 0.04072452229299363 0.04006369426751592
2 0.22770700636942676 0.8019745222929936 0.041401273885350316 0.04078821656050955
2 0.6735668789808917 0.19981687898089173 0.03835191082802548 0.04019108280254777
2 0.5499999999999999 0.8554856687898089 0.04490445859872611 0.040621019108280254
2 0.5345859872611466 0.1998566878980892 0.03928343949044586 0.040127388535031845