0 0.5098646496815287 0.5246496815286624 0.6235350318471338 0.7352070063694267
2 0.2372611464968153 0.4968152866242038 0.042993630573248405 0.04936305732484077
2 0.23805732484076433 0.6568471337579618 0.041401273885350316 0.044585987261146494
2 0.7842356687898089 0.8527070063694268 0.041401273885350316 0.03821656050955414
2 0.23805732484076433 0.6050955414012739 0.041401273885350316 0.04936305732484077
2 0.2372611464968153 0.44227707006369427 0.042993630573248405 0.04856687898089172
2 0.7838375796178344 0.4000796178343949 0.03901273885350318 0.037420382165605094
1 0.7265127388535032 0.6727707006369427 0.046974522292993634 0.04617834394904458
2 0.23805732484076433 0.5505573248407644 0.041401273885350316 0.04856687898089172
2 0.23805732484076433 0.33638535031847133 0.041401273885350316 0.04219745222929936
1 0.7173566878980892 0.34394904458598724 0.044585987261146494 0.04617834394904458
2 0.23805732484076433 0.3885350318471338 0.041401273885350316 0.04936305732484077
2 0.6162420382165605 0.8535031847133758 0.03821656050955414 0.03821656050955414
2 0.23845541401273884 0.8527070063694268 0.04060509554140127 0.03980891719745223
2 0.5461783439490446 0.1962579617834395 0.03821656050955414 0.03901273885350318
1 0.4940286624203822 0.36106687898089174 0.046974522292993634 0.04538216560509554
2 0.5087579617834395 0.8531050955414012 0.03980891719745223 0.03901273885350318
2 0.5632961783439491 0.8527070063694268 0.04219745222929936 0.03980891719745223
1 0.38495222929936307 0.6018789808917198 0.05493630573248408 0.04623407643312102
2 0.23805732484076433 0.19847133757961782 0.03821656050955414 0.04094745222929936
2 0.24004777070063693 0.7981687898089171 0.04219745222929936 0.03901273885350318
1 0.3837579617834395 0.40153662420382163 0.05573248407643312 0.04406050955414013
2 0.7838375796178344 0.1961624203821656 0.04060509554140127 0.03901273885350318
1 0.339171974522293 0.2014331210191083 0.04617834394904458 0.04617834394904458
1 0.4984076433121019 0.5640923566878981 0.04617834394904458 0.04538216560509554
1 0.3160828025477707 0.6018550955414013 0.05573248407643312 0.04628980891719745
1 0.3151194267515924 0.4017197452229299 0.054140127388535034 0.04568471337579618
2 0.40326433121019106 0.1962579617834395 0.037420382165605094 0.03901273885350318
2 0.6863057324840764 0.1953343949044586 0.03821656050955414 0.03768312101910828