0 0.5064092356687898 0.5246496815286624 0.6214570063694267 0.7355652866242038
3 0.6429378980891719 0.441218152866242 0.06921178343949046 0.0671576433121019
3 0.26313694267515925 0.4410828025477707 0.07085987261146497 0.07006369426751592
3 0.26320859872611463 0.22378184713375796 0.06930732484076432 0.0686624203821656
3 0.37143312101910825 0.22285828025477708 0.06955414012738853 0.06723726114649682
3 0.5343550955414013 0.22290605095541405 0.0686783439490446 0.06713375796178343
3 0.6442914012738854 0.22328821656050954 0.06777866242038216 0.06634554140127388
3 0.7519028662420382 0.22304140127388533 0.06894904458598726 0.06695859872611465
3 0.7523726114649681 0.44060509554140126 0.0685907643312102 0.0664171974522293
3 0.752014331210191 0.606687898089172 0.0693312101910828 0.06515127388535032
3 0.6435509554140127 0.607515923566879 0.06915605095541401 0.06836783439490446
3 0.48126592356687903 0.6065923566878981 0.0693312101910828 0.06660828025477707
3 0.37246019108280254 0.6065764331210192 0.06972133757961783 0.06701433121019108
3 0.2635111464968153 0.6066480891719745 0.06870222929936307 0.06723726114649682
3 0.5347611464968153 0.4407643312101911 0.06979299363057324 0.066671974522293
3 0.3722691082802548 0.44095541401273886 0.0697452229299363 0.0672531847133758
3 0.2634952229299363 0.8247850318471338 0.06872611464968152 0.06735668789808917
3 0.3720382165605095 0.8244028662420383 0.06863853503184712 0.06795382165605095
3 0.4808678343949045 0.8240684713375795 0.06812898089171975 0.06871815286624204
3 0.6436942675159236 0.8239171974522292 0.06821656050955414 0.06872611464968152
3 0.7521974522292993 0.8244028662420383 0.06996019108280255 0.06648089171974522