0 0.501234076433121 0.5241480891719745 0.625421974522293 0.7385907643312102
1 0.37539808917197454 0.40087579617834396 0.05493630573248408 0.04856687898089172
1 0.37579617834394907 0.6011146496815286 0.05573248407643312 0.04777070063694268
2 0.23151273885350315 0.33594745222929934 0.04093152866242038 0.043073248407643316
1 0.3065286624203822 0.6019108280254777 0.05573248407643312 0.04617834394904458
1 0.3049363057324841 0.4004777070063694 0.052547770700636945 0.04777070063694268
2 0.7745621019108281 0.19618630573248408 0.040230891719745226 0.03915605095541401
2 0.6760031847133757 0.19601910828025476 0.03657643312101911 0.03827229299363057
2 0.23169585987261146 0.44186305732484077 0.03978503184713376 0.049323248407643315
1 0.330015923566879 0.20132165605095542 0.04538216560509554 0.046329617834394904
2 0.2312420382165605 0.38778662420382165 0.03910031847133758 0.047961783439490445
2 0.23130573248407643 0.1974203821656051 0.04050955414012739 0.04145700636942675
1 0.7085987261146497 0.3435191082802548 0.044585987261146494 0.045453821656050955
1 0.7173566878980892 0.6723168789808917 0.04617834394904458 0.04707802547770701
2 0.6078821656050956 0.8531050955414012 0.04060509554140127 0.04060509554140127
1 0.48845541401273884 0.5632961783439491 0.04538216560509554 0.046974522292993634
2 0.5 0.8530812101910829 0.041401273885350316 0.04065286624203822
2 0.23085191082802548 0.6571974522292994 0.03988853503184713 0.045477707006369425
2 0.7741480891719745 0.3997133757961784 0.042460191082802544 0.038160828025477704
2 0.2309235668789809 0.4968312101910828 0.03975318471337579 0.048097133757961784
2 0.2309315286624204 0.7989410828025478 0.03972929936305732 0.04065286624203822
1 0.4856687898089172 0.3590764331210191 0.04777070063694268 0.04936305732484077
2 0.231265923566879 0.8531050955414012 0.04112261146496815 0.04060509554140127
2 0.23088375796178345 0.5505891719745223 0.039816878980891715 0.04871019108280255
2 0.23123407643312102 0.6051671974522294 0.03913216560509554 0.04922770700636943
2 0.7755015923566879 0.8535509554140127 0.04144904458598726 0.03971337579617835
2 0.5365127388535031 0.19662420382165605 0.038312101910828025 0.039880573248407644
2 0.3949522292993631 0.19659235668789807 0.0414968152866242 0.03993630573248407
2 0.5537420382165605 0.8531050955414012 0.04060509554140127 0.04060509554140127