0 0.49871815286624205 0.5202308917197452 0.6252945859872612 0.7335589171974523
3 0.7424363057324841 0.43619426751592355 0.06767515923566879 0.06664808917197451
3 0.7424363057324841 0.2186863057324841 0.06926751592356688 0.06635350318471338
3 0.2532722929936306 0.2185907643312102 0.06700636942675159 0.06764331210191082
3 0.36233280254777067 0.21770700636942675 0.06823248407643312 0.06496815286624204
3 0.524578025477707 0.21806528662420382 0.0686703821656051 0.06698248407643312
3 0.6333917197452229 0.21828821656050956 0.06801751592356689 0.06611464968152866
3 0.2535828025477707 0.4348805732484077 0.06767515923566879 0.0660828025477707
3 0.3615286624203822 0.4362022292993631 0.06720541401273886 0.06548566878980892
3 0.5242436305732484 0.4359474522292993 0.06761146496815287 0.06467356687898089
3 0.6330334394904459 0.43656847133757964 0.06847929936305733 0.06437898089171974
3 0.2531449044585987 0.6022531847133757 0.06714968152866242 0.06468152866242038
3 0.3619745222929936 0.6021815286624204 0.06882961783439491 0.06632165605095541
3 0.47106687898089167 0.6023009554140127 0.06963375796178344 0.06479299363057324
3 0.6330334394904459 0.602531847133758 0.06839968152866242 0.0674124203821656
3 0.7426273885350319 0.601703821656051 0.06646496815286625 0.06369426751592357
3 0.2528821656050955 0.8200238853503186 0.06601114649681529 0.0671576433121019
3 0.36179936305732485 0.8196656050955414 0.06790605095541402 0.06621019108280254
3 0.4705573248407643 0.8193391719745222 0.06835191082802547 0.06523885350318472
3 0.6340684713375796 0.81843949044586 0.06675955414012738 0.06755573248407643
3 0.7422611464968153 0.8192914012738853 0.06697452229299364 0.06553343949044586