0 0.5051751592356688 0.5226910828025477 0.6265923566878981 0.7380573248407644
2 0.2340764331210191 0.38813694267515925 0.041401273885350316 0.05015923566878981
2 0.23367834394904458 0.8519108280254777 0.04219745222929936 0.041401273885350316
2 0.23367834394904458 0.44148089171974525 0.04378980891719745 0.04856687898089172
2 0.2340764331210191 0.5505573248407644 0.041401273885350316 0.05015923566878981
2 0.2340764331210191 0.6568471337579618 0.042993630573248405 0.044585987261146494
2 0.23367834394904458 0.6046974522292994 0.04378980891719745 0.05015923566878981
2 0.7798566878980892 0.8527070063694268 0.04219745222929936 0.03821656050955414
1 0.4940286624203822 0.5646656050955414 0.04538216560509554 0.04582006369426751
2 0.23367834394904458 0.49522292993630573 0.04219745222929936 0.04936305732484077
2 0.23367834394904458 0.33638535031847133 0.04219745222929936 0.04378980891719745
2 0.5581210191082803 0.8527070063694268 0.042993630573248405 0.03980891719745223
2 0.23447452229299362 0.7981687898089171 0.04378980891719745 0.04060509554140127
2 0.2340764331210191 0.19781050955414012 0.041401273885350316 0.04219745222929936
2 0.6110668789808917 0.8527070063694268 0.04060509554140127 0.03980891719745223
2 0.5425875796178344 0.19633757961783438 0.03744426751592357 0.03886146496815287
1 0.49004777070063693 0.3606687898089172 0.04856687898089172 0.04617834394904458
1 0.3817675159235669 0.6007165605095541 0.05493630573248408 0.04538216560509554
2 0.7798566878980892 0.4000796178343949 0.04219745222929936 0.037420382165605094
1 0.722531847133758 0.6735668789808917 0.046974522292993634 0.04777070063694268
1 0.3798566878980892 0.4015127388535032 0.05430732484076432 0.044116242038216555
1 0.3359872611464968 0.20160828025477706 0.04777070063694268 0.04617834394904458
2 0.5047770700636943 0.8531050955414012 0.041401273885350316 0.03901273885350318
1 0.31170382165605093 0.4011942675159236 0.05334394904458599 0.0447531847133758
1 0.31130573248407645 0.6015127388535032 0.05573248407643312 0.046974522292993634
1 0.7141242038216561 0.3438375796178344 0.04654458598726115 0.044585987261146494
2 0.3984872611464968 0.1962579617834395 0.04060509554140127 0.03901273885350318
2 0.7810509554140127 0.19589968152866244 0.03821656050955414 0.038335987261146495
2 0.6819267515923567 0.19595541401273886 0.037420382165605094 0.038224522292993626