0 0.5002388535031846 0.5232802547770701 0.6238614649681529 0.7361146496815286
3 0.25565286624203826 0.22128980891719746 0.06837579617834394 0.06431528662420383
3 0.36277070063694267 0.2222611464968153 0.06634554140127388 0.06372611464968153
3 0.5272372611464968 0.22289012738853503 0.0657563694267516 0.065421974522293
3 0.6361942675159236 0.22354299363057323 0.06902866242038216 0.06671974522292994
3 0.7445382165605096 0.2215605095541401 0.06902866242038216 0.06685509554140127
3 0.25542993630573246 0.4403423566878981 0.06778662420382166 0.06694267515923567
3 0.364578025477707 0.43968949044585987 0.06712579617834395 0.06580414012738854
3 0.527484076433121 0.43928343949044585 0.0659952229299363 0.06498407643312103
3 0.6352786624203821 0.44042993630573246 0.06886146496815286 0.06472929936305732
3 0.744968152866242 0.43910031847133757 0.06896496815286625 0.0661624203821656
3 0.2560589171974522 0.6057245222929936 0.06670382165605096 0.06558917197452228
3 0.36403662420382166 0.6050238853503185 0.0683359872611465 0.06626592356687898
3 0.47316082802547765 0.6050796178343949 0.06988057324840764 0.06531050955414013
3 0.2554697452229299 0.822858280254777 0.06848726114649681 0.06494426751592357
3 0.3653184713375796 0.8226273885350319 0.06915605095541401 0.06540605095541402
3 0.4738455414012739 0.8237261146496815 0.06689490445859872 0.06579617834394905
3 0.635796178343949 0.8233359872611464 0.06969745222929936 0.06978503184713376
3 0.7452468152866242 0.8230971337579618 0.06837579617834394 0.06701433121019108
3 0.6363694267515924 0.605453821656051 0.06462579617834395 0.06688694267515924
3 0.7444108280254778 0.605 0.06745222929936305 0.06400477707006369