0 0.4985828025477707 0.5302945859872611 0.6213773885350319 0.737078025477707
3 0.742484076433121 0.44229299363057323 0.06935509554140128 0.06771496815286623
3 0.2531767515923567 0.22567675159235667 0.06701433121019108 0.0664171974522293
3 0.361671974522293 0.2253264331210191 0.06786624203821656 0.06577229299363058
3 0.5248885350318472 0.22598726114649678 0.067921974522293 0.06731687898089171
3 0.6328025477707006 0.2255971337579618 0.06675955414012738 0.06636942675159235
3 0.7423328025477707 0.22497611464968154 0.0691640127388535 0.06625796178343948
3 0.25321656050955416 0.44269904458598724 0.06810509554140128 0.06605095541401274
3 0.3618471337579618 0.4429777070063694 0.06917993630573248 0.06655254777070065
3 0.5240605095541402 0.4428503184713376 0.06757165605095541 0.06669585987261147
3 0.6324920382165605 0.44249203821656047 0.06929936305732484 0.06664808917197451
3 0.2535907643312102 0.6093789808917197 0.06943471337579617 0.06635350318471338
3 0.36224522292993633 0.6087738853503185 0.06874999999999999 0.06637738853503185
3 0.47097929936305727 0.6088057324840764 0.06769108280254776 0.06827229299363058
3 0.632906050955414 0.6082324840764332 0.06709394904458599 0.0671656050955414
3 0.7420222929936305 0.6083678343949045 0.06764331210191082 0.06695859872611465
3 0.2532324840764331 0.8265764331210191 0.06982484076433121 0.06614649681528663
3 0.36239649681528663 0.8262898089171974 0.06870222929936307 0.06703821656050955
3 0.472921974522293 0.82625 0.07318471337579618 0.06847133757961783
3 0.6329777070063695 0.8258678343949044 0.06939490445859872 0.06648885350318472
3 0.7422611464968153 0.826202229299363 0.0671576433121019 0.06704617834394903