2 0.2320859872611465 0.5509554140127388 0.037420382165605094 0.04936305732484077
0 0.5042754777070064 0.5239808917197453 0.6232006369426751 0.7361464968152867
2 0.2320859872611465 0.3873407643312102 0.037420382165605094 0.04856687898089172
2 0.7754777070063694 0.39888535031847133 0.03662420382165605 0.03503184713375796
2 0.2320859872611465 0.6560509554140127 0.037420382165605094 0.042993630573248405
2 0.2320859872611465 0.4426751592356688 0.037420382165605094 0.04936305732484077
2 0.23168789808917198 0.8519585987261146 0.03821656050955414 0.03812101910828026
2 0.5386146496815286 0.19502388535031845 0.037420382165605094 0.03669585987261147
2 0.7758757961783439 0.8527070063694268 0.037420382165605094 0.03821656050955414
2 0.2320859872611465 0.33638535031847133 0.037420382165605094 0.04219745222929936
2 0.2320859872611465 0.6050955414012739 0.037420382165605094 0.04936305732484077
2 0.6094745222929936 0.8523885350318471 0.037420382165605094 0.03726910828025478
2 0.2320859872611465 0.4968152866242038 0.037420382165605094 0.04777070063694268
1 0.7197452229299363 0.6717834394904458 0.044585987261146494 0.044960191082802546
2 0.23168789808917198 0.7965764331210191 0.03821656050955414 0.037420382165605094
1 0.7105891719745223 0.34235668789808915 0.04378980891719745 0.044585987261146494
1 0.49044585987261147 0.5628980891719745 0.042993630573248405 0.041401273885350316
2 0.7758757961783439 0.1942675159235669 0.037420382165605094 0.03662420382165605
2 0.5003980891719745 0.8522611464968153 0.037420382165605094 0.03751592356687898
2 0.5553343949044586 0.8522611464968153 0.037420382165605094 0.03751592356687898
1 0.48686305732484075 0.3590764331210191 0.04538216560509554 0.044585987261146494
1 0.3326671974522293 0.19987261146496815 0.044315286624203816 0.044530254777070066
1 0.30812101910828027 0.4004777070063694 0.052547770700636945 0.042993630573248405
1 0.30812101910828027 0.6011863057324841 0.05573248407643312 0.04285031847133758
2 0.6779458598726115 0.19468949044585987 0.037420382165605094 0.037372611464968154
2 0.23168789808917198 0.19484872611464968 0.03821656050955414 0.037054140127388537
1 0.37579617834394907 0.4000796178343949 0.054140127388535034 0.04378980891719745
1 0.37579617834394907 0.5999203821656051 0.052547770700636945 0.04219745222929936
0 0.01910828025477707 0.8236464968152867 0.03821656050955414 0.06767515923566879
2 0.3960987261146497 0.1946656050955414 0.037420382165605094 0.037420382165605094