0 0.495406050955414 0.5263853503184713 0.6248726114649682 0.7369824840764331
2 0.223328025477707 0.8546974522292994 0.037420382165605094 0.03901273885350318
2 0.223328025477707 0.6592356687898089 0.03901273885350318 0.042993630573248405
2 0.22372611464968153 0.44546178343949044 0.03980891719745223 0.046974522292993634
2 0.223328025477707 0.5537420382165605 0.03901273885350318 0.04856687898089172
2 0.22372611464968153 0.6078821656050956 0.03980891719745223 0.04856687898089172
2 0.22253184713375795 0.39052547770700635 0.03901273885350318 0.04856687898089172
2 0.547515923566879 0.8554856687898089 0.03872611464968153 0.03742834394904458
2 0.4928264331210191 0.8546974522292994 0.038224522292993626 0.037420382165605094
2 0.7691082802547771 0.8553821656050955 0.041401273885350316 0.03763535031847134
1 0.48288216560509556 0.5656847133757962 0.04538216560509554 0.04378980891719745
2 0.7695063694267515 0.401671974522293 0.04060509554140127 0.035828025477707005
2 0.22372611464968153 0.33837579617834396 0.03821656050955414 0.042993630573248405
2 0.22372611464968153 0.49880573248407645 0.041401273885350316 0.04856687898089172
1 0.4781050955414013 0.36345541401273884 0.04378980891719745 0.04378980891719745
2 0.22274681528662418 0.1989888535031847 0.03625796178343949 0.03832006369426752
2 0.223328025477707 0.8012738853503184 0.037420382165605094 0.03757961783439491
2 0.5295063694267516 0.1994187898089172 0.03671178343949045 0.03747611464968153
2 0.6694745222929936 0.19788216560509553 0.03683917197452229 0.03576433121019108
2 0.6015127388535032 0.8550398089171976 0.03901273885350318 0.03673566878980892
1 0.36942675159235666 0.4028662420382166 0.054140127388535034 0.04617834394904458
1 0.3682324840764331 0.6039012738853503 0.05493630573248408 0.046974522292993634
2 0.38781847133757963 0.19781050955414012 0.036783439490445866 0.0359156050955414
1 0.7026273885350318 0.3463375796178344 0.04378980891719745 0.044585987261146494
1 0.7109872611464968 0.6755573248407644 0.044585987261146494 0.04538216560509554
1 0.3244426751592357 0.20381369426751594 0.04538216560509554 0.04460191082802548
1 0.30095541401273884 0.6046974522292994 0.054140127388535034 0.046974522292993634
2 0.7695063694267515 0.19785031847133758 0.04060509554140127 0.035828025477707005
1 0.29936305732484075 0.4036624203821656 0.052547770700636945 0.044585987261146494