0 0.5025477707006369 0.5213773885350319 0.622937898089172 0.7343152866242038
2 0.23248407643312102 0.6556528662420382 0.041401273885350316 0.04538216560509554
2 0.23168789808917198 0.5493630573248408 0.03980891719745223 0.04936305732484077
2 0.23168789808917198 0.43988853503184716 0.041401273885350316 0.04856687898089172
2 0.23168789808917198 0.8519108280254777 0.041401273885350316 0.041401273885350316
2 0.23168789808917198 0.6035031847133758 0.03980891719745223 0.04936305732484077
2 0.2320859872611465 0.3861464968152866 0.04060509554140127 0.04936305732484077
2 0.5362579617834394 0.1946656050955414 0.03895700636942675 0.04060509554140127
2 0.6098726114649682 0.8511146496815286 0.041401273885350316 0.03980891719745223
2 0.2320859872611465 0.7961783439490446 0.04060509554140127 0.03980891719745223
2 0.7748089171974522 0.39752388535031846 0.041711783439490446 0.035828025477707005
2 0.7762738853503185 0.8519108280254777 0.041401273885350316 0.041401273885350316
2 0.2320859872611465 0.49442675159235666 0.04060509554140127 0.04936305732484077
1 0.33160828025477707 0.19995222929936304 0.04538216560509554 0.04753980891719745
1 0.7181528662420382 0.6717038216560509 0.044585987261146494 0.04671974522292994
1 0.49004777070063693 0.5625796178343949 0.04538216560509554 0.04363057324840764
2 0.2320859872611465 0.33502388535031846 0.04060509554140127 0.04378980891719745
2 0.5549363057324841 0.8511146496815286 0.041401273885350316 0.03980891719745223
1 0.37579617834394907 0.5998885350318471 0.05732484076433121 0.04544585987261146
1 0.37579617834394907 0.40037420382165606 0.05573248407643312 0.044800955414012744
2 0.5007961783439491 0.8511146496815286 0.03980891719745223 0.041401273885350316
1 0.3057324840764331 0.4002627388535032 0.052547770700636945 0.04500796178343949
1 0.7093949044585988 0.34195859872611467 0.04617834394904458 0.046974522292993634
2 0.7758757961783439 0.1946656050955414 0.04060509554140127 0.03901273885350318
1 0.48606687898089174 0.3590764331210191 0.046974522292993634 0.04777070063694268
2 0.23168789808917198 0.19486464968152867 0.041401273885350316 0.03861464968152866
2 0.6759554140127388 0.1946656050955414 0.03821656050955414 0.03901273885350318
2 0.3948248407643312 0.1942675159235669 0.04156847133757962 0.03821656050955414
1 0.30692675159235666 0.6003184713375797 0.05334394904458599 0.04777070063694268