0 0.5027468152866242 0.5211305732484076 0.6249124203821655 0.7363933121019108
2 0.23288216560509553 0.4932324840764331 0.04060509554140127 0.04538216560509554
2 0.23168789808917198 0.6548566878980892 0.03980891719745223 0.04378980891719745
2 0.23168789808917198 0.4390923566878981 0.03980891719745223 0.046974522292993634
2 0.776671974522293 0.3964968152866242 0.04060509554140127 0.03662420382165605
2 0.23288216560509553 0.6027070063694268 0.04060509554140127 0.04617834394904458
2 0.23168789808917198 0.5485668789808917 0.03821656050955414 0.04617834394904458
1 0.49004777070063693 0.5613057324840764 0.04378980891719745 0.044585987261146494
2 0.7778662420382165 0.8511146496815286 0.041401273885350316 0.041401273885350316
2 0.23168789808917198 0.7962101910828026 0.03821656050955414 0.040055732484076435
2 0.23248407643312102 0.38455414012738853 0.041401273885350316 0.04617834394904458
1 0.7197452229299363 0.6695859872611465 0.044585987261146494 0.04617834394904458
2 0.23168789808917198 0.3323009554140127 0.03821656050955414 0.04199044585987261
1 0.7105891719745223 0.3411624203821656 0.04378980891719745 0.04538216560509554
2 0.6098726114649682 0.8507165605095541 0.041401273885350316 0.04060509554140127
2 0.23089171974522293 0.8507165605095541 0.03821656050955414 0.04219745222929936
1 0.37539808917197454 0.39888535031847133 0.05334394904458599 0.04617834394904458
1 0.30692675159235666 0.5995222929936306 0.05334394904458599 0.044585987261146494
2 0.777468152866242 0.19227707006369427 0.04219745222929936 0.03901273885350318
1 0.48686305732484075 0.35788216560509556 0.04538216560509554 0.04538216560509554
2 0.5382165605095541 0.19327229299363058 0.03662420382165605 0.039410828025477705
1 0.37579617834394907 0.5987261146496815 0.05573248407643312 0.04617834394904458
1 0.3073248407643312 0.39888535031847133 0.054140127388535034 0.044585987261146494
2 0.5565286624203821 0.8503184713375797 0.03980891719745223 0.03980891719745223
2 0.5023885350318471 0.8507165605095541 0.03980891719745223 0.04060509554140127
1 0.33160828025477707 0.19864649681528662 0.04538216560509554 0.046974522292993634
2 0.2320859872611465 0.19347133757961785 0.03901273885350318 0.03821656050955414
2 0.677547770700637 0.19347133757961785 0.03821656050955414 0.03821656050955414
2 0.39607484076433125 0.19369426751592356 0.035421974522292995 0.03890923566878981