0 0.5035828025477707 0.523328025477707 0.6281767515923566 0.7364410828025478
1 0.37460191082802546 0.3996815286624204 0.05334394904458599 0.04617834394904458
2 0.23121019108280252 0.44028662420382164 0.04076433121019109 0.04936305732484077
2 0.2307165605095541 0.33563694267515926 0.040151273885350315 0.04370222929936306
1 0.37579617834394907 0.6003184713375797 0.054140127388535034 0.04777070063694268
2 0.2309235668789809 0.3865127388535032 0.039745222929936305 0.050222929936305734
1 0.7088614649681529 0.34195859872611467 0.04406847133757962 0.046974522292993634
1 0.3049363057324841 0.4004777070063694 0.052547770700636945 0.04777070063694268
2 0.2310191082802548 0.6567117834394904 0.039562101910828026 0.04326433121019108
2 0.23096337579617832 0.5500398089171975 0.0396656050955414 0.04960987261146497
1 0.7165525477707007 0.6717117834394905 0.045095541401273885 0.047221337579617835
1 0.330015923566879 0.1998407643312102 0.04378980891719745 0.04777070063694268
2 0.2314968152866242 0.6046974522292994 0.04031847133757962 0.04856687898089172
2 0.775374203821656 0.39881369426751595 0.038535031847133756 0.036878980891719745
1 0.48845541401273884 0.5632961783439491 0.04538216560509554 0.046974522292993634
1 0.30692675159235666 0.6007165605095541 0.05652866242038217 0.04856687898089172
2 0.2309235668789809 0.49554140127388535 0.041584394904458595 0.04872611464968153
2 0.2300955414012739 0.19486464968152867 0.041401273885350316 0.04020700636942675
2 0.5003980891719745 0.8527070063694268 0.04219745222929936 0.03980891719745223
2 0.6090764331210191 0.8521974522292993 0.041401273885350316 0.04082802547770701
1 0.4852945859872611 0.35948248407643313 0.04543789808917197 0.046958598726114645
2 0.7749442675159236 0.8522452229299363 0.04087579617834395 0.0393312101910828
2 0.7738853503184714 0.1946656050955414 0.042993630573248405 0.04060509554140127
2 0.5537420382165605 0.8514490445859874 0.04060509554140127 0.03914012738853503
2 0.5362261146496815 0.1942675159235669 0.04219745222929936 0.03980891719745223
2 0.23002388535031848 0.7976831210191083 0.039944267515923566 0.039609872611464966
2 0.2304936305732484 0.8527070063694268 0.04219745222929936 0.041401273885350316
2 0.6743630573248408 0.1946656050955414 0.041401273885350316 0.03901273885350318
3 0.5425955414012739 0.009554140127388535 0.04219745222929936 0.01910828025477707