0 0.494609872611465 0.5212898089171975 0.6236863057324841 0.7377945859872611
1 0.3233837579617834 0.19828025477707006 0.0448328025477707 0.04638535031847134
1 0.4778582802547771 0.3591640127388535 0.04485668789808917 0.043511146496815284
1 0.7018312101910829 0.3418073248407643 0.04395700636942675 0.04429140127388535
1 0.298328025477707 0.3998566878980892 0.05334394904458599 0.04511146496815286
1 0.3671417197452229 0.39943471337579617 0.05617038216560509 0.04490445859872611
1 0.48206210191082804 0.5619824840764331 0.04386942675159236 0.04522292993630573
1 0.29812898089171974 0.5998885350318471 0.05182324840764332 0.04606687898089172
1 0.36809713375796177 0.599625796178344 0.05396496815286624 0.04537420382165605
1 0.7100716560509555 0.6704936305732484 0.04460987261146497 0.044920382165605094
2 0.22413216560509552 0.19375796178343951 0.041066878980891716 0.03940286624203822
2 0.22355891719745224 0.33434713375796177 0.03998407643312102 0.04339171974522293
2 0.22346337579617837 0.3853503184713376 0.040485668789808915 0.04410031847133758
2 0.2242436305732484 0.43893312101910825 0.04081210191082802 0.04460987261146497
2 0.2239888535031847 0.49388535031847136 0.040907643312101914 0.044426751592356685
2 0.22419585987261145 0.5492993630573249 0.0418312101910828 0.047531847133757965
2 0.22302547770700637 0.6033041401273885 0.03847929936305732 0.04316082802547771
2 0.22389331210191082 0.6560270700636943 0.03964968152866242 0.04155254777070064
2 0.22382165605095541 0.7961544585987261 0.04121815286624204 0.039920382165605096
2 0.49276273885350313 0.850748407643312 0.040437898089171975 0.038113057324840764
2 0.5472133757961783 0.8511066878980892 0.039992038216560506 0.0388375796178344
2 0.7676990445859873 0.8508041401273885 0.03988853503184713 0.0379140127388535
2 0.38670382165605094 0.1935111464968153 0.0393312101910828 0.03696656050955414
2 0.5292834394904459 0.19371019108280255 0.037372611464968154 0.03910031847133758
2 0.6682882165605095 0.19300955414012738 0.03619426751592357 0.03760350318471337
2 0.7673009554140128 0.1934156050955414 0.03820859872611465 0.03702229299363057
2 0.7673646496815286 0.3974203821656051 0.03998407643312102 0.03640127388535032
2 0.22359076433121017 0.8502547770700638 0.0405015923566879 0.040636942675159236
2 0.6015843949044586 0.8507245222929937 0.039514331210191087 0.038980891719745225