0 0.4995859872611465 0.5267914012738854 0.6234394904458599 0.7378025477707006
3 0.7428662420382165 0.44436305732484077 0.06856687898089173 0.06707006369426752
3 0.3630573248407643 0.4439331210191083 0.06847133757961783 0.06780254777070063
0 0.2540207006369427 0.22702229299363055 0.0700796178343949 0.06742834394904458
0 0.3613216560509554 0.22630573248407643 0.06644904458598726 0.06455414012738854
0 0.5251273885350318 0.22677547770700635 0.06457802547770701 0.06562101910828026
0 0.6344347133757962 0.22615445859872613 0.06514331210191082 0.0638296178343949
0 0.7436464968152866 0.22594745222929938 0.06362261146496816 0.06423566878980892
0 0.25370222929936304 0.4428025477707006 0.06889331210191083 0.06777070063694268
0 0.523781847133758 0.4438853503184713 0.0670859872611465 0.06539808917197452
0 0.6336703821656051 0.4444824840764331 0.06830414012738854 0.06429936305732485
0 0.2542595541401274 0.6099124203821655 0.06931528662420382 0.06421974522292993
0 0.36195859872611463 0.610047770700637 0.06785031847133757 0.06581210191082802
0 0.4719347133757962 0.6095302547770701 0.06915605095541401 0.06472133757961784
0 0.6360589171974522 0.6100557324840764 0.06562101910828026 0.06628184713375797
0 0.742937898089172 0.6097611464968153 0.06839968152866242 0.06407643312101911
0 0.25385350318471334 0.8277627388535033 0.06893312101910828 0.06661624203821656
0 0.3628105095541401 0.8272213375796178 0.0682484076433121 0.06595541401273886
0 0.4714331210191083 0.8273168789808917 0.0697611464968153 0.06573248407643312
0 0.6339968152866242 0.8266719745222929 0.06954617834394904 0.06731687898089171
0 0.742937898089172 0.82703025477707 0.06851114649681528 0.06773885350318472