0 0.4975 0.527775 0.625 0.7380249999999999
1 0.7137 0.6761 0.047599999999999996 0.047599999999999996
2 0.22745 0.49744999999999995 0.0401 0.0499
2 0.22735 0.20015 0.0403 0.0403
2 0.77115 0.40235 0.042699999999999995 0.0403
1 0.48235 0.36479999999999996 0.0453 0.044800000000000006
2 0.227375 0.340125 0.040275 0.044825
2 0.2274 0.3912 0.0403 0.047400000000000005
2 0.2275 0.445 0.0406 0.045
2 0.6738500000000001 0.20004999999999998 0.0379 0.0401
1 0.372575 0.40490000000000004 0.05582499999999999 0.0452
1 0.3712 0.6063000000000001 0.0574 0.0472
1 0.3275 0.205 0.045 0.0452
2 0.22732500000000003 0.8548250000000001 0.040350000000000004 0.040325
2 0.7709999999999999 0.19985 0.038 0.0397
1 0.3 0.405 0.05 0.045
2 0.22765000000000002 0.801275 0.040549999999999996 0.038450000000000005
2 0.77115 0.8560500000000001 0.0375 0.0379
2 0.3912 0.20004999999999998 0.038175 0.0401
1 0.305 0.606 0.06 0.0478
1 0.7051000000000001 0.3472 0.0458 0.045225
1 0.486425 0.56855 0.04865 0.048475000000000004
2 0.49652500000000005 0.855175 0.04295 0.04045
2 0.548925 0.8551000000000001 0.04295 0.04045
2 0.605125 0.855175 0.04015 0.03985
2 0.53505 0.20022500000000001 0.0403 0.0401
2 0.22735 0.55375 0.041100000000000005 0.04769999999999999
2 0.22725 0.6101 0.0401 0.049850000000000005
2 0.22760000000000002 0.6600499999999999 0.040575 0.0455