0 0.497775 0.526775 0.623675 0.7364499999999999
1 0.4825 0.3649 0.045 0.045
2 0.22760000000000002 0.65995 0.0404 0.0451
2 0.22769999999999999 0.6074499999999999 0.0406 0.0451
1 0.7137 0.6764249999999999 0.047575000000000006 0.047775
2 0.5349499999999999 0.20004999999999998 0.0401 0.0401
1 0.705 0.34729999999999994 0.045 0.0454
2 0.22735 0.8549500000000001 0.0403 0.0401
2 0.77145 0.20015 0.0381 0.0403
1 0.3275 0.20515 0.045 0.0451
2 0.39125 0.20004999999999998 0.0375 0.0401
2 0.6736 0.20004999999999998 0.0378 0.0401
2 0.22732500000000003 0.20004999999999998 0.040350000000000004 0.040125
2 0.22769999999999999 0.55235 0.0406 0.0453
1 0.48625 0.567425 0.0475 0.045
2 0.22735 0.8007500000000001 0.0403 0.042975000000000006
2 0.77225 0.85515 0.040475000000000004 0.039674999999999995
1 0.301325 0.606225 0.052675 0.048174999999999996
1 0.3715 0.4048 0.057999999999999996 0.0454
2 0.22725 0.4975 0.0405 0.05
2 0.55005 0.85505 0.039925 0.039875
2 0.496175 0.85485 0.03765 0.040275
2 0.6050249999999999 0.8549500000000001 0.03995 0.040075
1 0.3713 0.60615 0.057374999999999995 0.04835
1 0.2986 0.4052 0.057999999999999996 0.0454
2 0.22855 0.340225 0.0405 0.0466
2 0.22774999999999998 0.390925 0.0405 0.0484
2 0.22755 0.44652500000000006 0.0405 0.0484
2 0.769675 0.402675 0.04095 0.0405