0 0.497475 0.52875 0.62495 0.742525
2 0.77145 0.40245 0.0381 0.0401
1 0.705 0.34740000000000004 0.045 0.0452
2 0.22745 0.33875 0.0401 0.0431
2 0.22745 0.20015 0.0401 0.0403
2 0.22745 0.49625 0.0401 0.0475
2 0.2274 0.39 0.0408 0.045
2 0.53485 0.20004999999999998 0.0403 0.0401
2 0.22745 0.85515 0.0401 0.0405
2 0.6737000000000001 0.19995000000000002 0.037599999999999995 0.039900000000000005
2 0.39125 0.19995000000000002 0.0375 0.039900000000000005
2 0.7713500000000001 0.19875 0.0379 0.0375
2 0.22769999999999999 0.445 0.04019999999999999 0.045
1 0.7141 0.6761499999999999 0.047599999999999996 0.0475
1 0.48625 0.56725 0.0475 0.045225
1 0.3728 0.6049 0.0554 0.0452
1 0.48235 0.3651 0.0453 0.045
2 0.77235 0.8560500000000001 0.0403 0.0379
2 0.22755 0.8014749999999999 0.039900000000000005 0.037525
1 0.32725000000000004 0.205 0.0455 0.05
2 0.4962 0.8559 0.037599999999999995 0.0382
2 0.6049 0.856025 0.04019999999999999 0.037975
2 0.54875 0.85615 0.0425 0.0377
2 0.227525 0.55135 0.040549999999999996 0.047525000000000005
2 0.22769999999999999 0.606225 0.0406 0.05295
2 0.228075 0.6607999999999999 0.040650000000000006 0.051675000000000006
1 0.30195 0.60485 0.052199999999999996 0.045599999999999995
1 0.37377499999999997 0.40215 0.053224999999999995 0.04115
1 0.3035 0.403225 0.0525 0.041325