0 0.497475 0.527475 0.62495 0.74005
1 0.7138 0.6762999999999999 0.047400000000000005 0.047599999999999996
2 0.7713500000000001 0.40375 0.0379 0.0375
1 0.705 0.34729999999999994 0.045 0.0454
2 0.53485 0.19995000000000002 0.0403 0.039900000000000005
2 0.2275 0.19985 0.040025000000000005 0.0397
2 0.6737000000000001 0.20004999999999998 0.037599999999999995 0.0401
2 0.22745 0.33895000000000003 0.0401 0.042300000000000004
2 0.7713500000000001 0.20015 0.0379 0.0403
2 0.22760000000000002 0.39 0.0404 0.045
1 0.32744999999999996 0.205 0.0451 0.0444
2 0.2273 0.4448 0.0404 0.0454
1 0.3038 0.4048 0.0524 0.0454
2 0.49755000000000005 0.8552 0.04 0.04019999999999999
2 0.227125 0.66 0.04075 0.045
2 0.227575 0.8014 0.0406 0.03785
2 0.22774999999999998 0.85515 0.039599999999999996 0.040325
2 0.39125 0.19985 0.0375 0.0397
1 0.371375 0.405175 0.0524 0.0454
2 0.549125 0.8549 0.042050000000000004 0.040549999999999996
2 0.6049 0.855 0.0407 0.040025000000000005
2 0.7713500000000001 0.856075 0.03825 0.03785
2 0.22747499999999998 0.50015 0.04 0.044800000000000006
2 0.22755 0.553675 0.040025000000000005 0.0431
2 0.227575 0.60865 0.040350000000000004 0.0437
1 0.48625 0.5663750000000001 0.048 0.04832499999999999
1 0.30329999999999996 0.605125 0.0524 0.0454
1 0.373975 0.60505 0.0524 0.0454