0 0.5 0.5275 0.625 0.735
2 0.7713500000000001 0.40375 0.0371 0.0375
2 0.2278 0.65995 0.04 0.0451
2 0.22769999999999999 0.60615 0.04019999999999999 0.04769999999999999
1 0.7136 0.6762 0.0482 0.047400000000000005
1 0.48245 0.3649 0.0451 0.045
2 0.22747499999999998 0.20022500000000001 0.04005 0.040425
2 0.53485 0.20004999999999998 0.0403 0.0401
2 0.22745 0.8548250000000001 0.0401 0.040350000000000004
2 0.22747499999999998 0.33887500000000004 0.04005 0.04285
1 0.705 0.34759999999999996 0.045 0.044800000000000006
2 0.22774999999999998 0.39020000000000005 0.040125 0.0454
2 0.22745 0.49765 0.0401 0.050300000000000004
2 0.38994999999999996 0.20015 0.0401 0.0403
2 0.227275 0.445 0.04045 0.045
2 0.77115 0.20015 0.0383 0.0403
1 0.37115000000000004 0.605075 0.0582 0.044875
2 0.6738 0.20004999999999998 0.0374 0.0401
2 0.22760000000000002 0.55125 0.0404 0.0475
1 0.37235 0.40490000000000004 0.0555 0.0452
2 0.22732500000000003 0.8012999999999999 0.040350000000000004 0.037425
1 0.48625 0.5676749999999999 0.0475 0.045
1 0.32725000000000004 0.205 0.0455 0.05
1 0.3025 0.60485 0.055 0.045274999999999996
1 0.3037 0.405 0.0526 0.045
2 0.604775 0.8547499999999999 0.04045 0.0405
2 0.5504 0.8552500000000001 0.04045 0.0405
2 0.4974 0.8548250000000001 0.04045 0.0405
2 0.7726999999999999 0.855125 0.04045 0.0405