0 0.49700000000000005 0.528925 0.6219 0.737175
2 0.2288 0.65995 0.0384 0.0451
2 0.22735 0.60755 0.0403 0.0453
2 0.22715 0.49735 0.0407 0.0453
2 0.77115 0.40354999999999996 0.0383 0.0379
2 0.22735 0.33985 0.0403 0.0453
2 0.22755 0.19975 0.039900000000000005 0.0395
2 0.53485 0.20004999999999998 0.0403 0.0401
2 0.39125 0.19995000000000002 0.0375 0.039900000000000005
2 0.2275 0.55235 0.04019999999999999 0.0453
2 0.22735 0.8560500000000001 0.0403 0.0379
2 0.7709999999999999 0.19985 0.038 0.0397
1 0.705 0.34735 0.045 0.0453
1 0.37145000000000006 0.605 0.057300000000000004 0.045
1 0.37244999999999995 0.4048 0.0557 0.0454
2 0.7713 0.856025 0.038224999999999995 0.03795
1 0.3037 0.605 0.0526 0.045
2 0.22735 0.80125 0.0403 0.0375
1 0.30269999999999997 0.405 0.050199999999999995 0.045
2 0.4961 0.85615 0.0378 0.037725
1 0.4824 0.363925 0.0452 0.042699999999999995
1 0.32725000000000004 0.20489999999999997 0.0455 0.0458
1 0.48625 0.5672999999999999 0.0475 0.0452
2 0.6049 0.85615 0.04019999999999999 0.037725
2 0.5498 0.85625 0.0404 0.0375
2 0.6736 0.19985 0.0378 0.0397
2 0.2273 0.39275 0.040575 0.0507
2 0.22699999999999998 0.446125 0.04135 0.047400000000000005